1 28054U 03048A   26054.30355324  .00000117  00000+0  84698-4 0  9993
2 28054  99.0006  77.3215 0008198 108.3862  82.5644 14.14455840153389
1 28912U 05049B   26054.10909208  .00000126  00000+0  00000+0 0  9993
2 28912   9.1023  55.2708 0002160 211.4496 331.1843  1.00272475  5851
1 29522U 06050A   26054.25257583  .00000155  00000+0  10227-3 0  9990
2 29522  98.7412  63.1418 0010543  27.4733 332.6996 14.14956648996308
1 32958U 08026A   26054.07437279  .00000111  00000+0  72937-4 0  9993
2 32958  98.6780 357.1100 0009823  95.8504 264.3792 14.19541289919216
1 35491U 09033A   26054.21231255  .00000135  00000+0  00000+0 0  9992
2 35491   1.3936  84.5614 0001872 286.4427  65.3126  1.00119495  5441
1 35951U 09057A   26054.14418566  .00000264  00000+0  15985-3 0  9998
2 35951  98.8939  35.2248 0010382 210.7911 149.2654 14.14825336843463
1 36411U 10008A   26054.18913848  .00000008  00000+0  00000+0 0  9999
2 36411   0.9855  85.3572 0001373  33.5917 165.2997  1.00363586 58493
1 36744U 10032A   26053.91148287 -.00000342  00000+0  00000+0 0  9994
2 36744   4.5108  77.0170 0001003 252.5985 279.4861  1.00270912 49941
1 37214U 10059A   26054.30501337 -.00000036  00000+0  45932-5 0  9998
2 37214  98.9791  99.7551 0022649 147.4095 277.6098 14.14813440791322
1 37849U 11061A   26054.29383103  .00000122  00000+0  79011-4 0  9992
2 37849  98.7852 356.0124 0000791 341.7472  18.3675 14.19539089742280
1 38552U 12035B   26054.24264602 -.00000004  00000+0  00000+0 0  9990
2 38552   4.4005  61.4972 0002321 285.1239 253.9927  1.00275102 49711
1 38771U 12049A   26054.22606650  .00000103  00000+0  67068-4 0  9990
2 38771  98.6675 107.9168 0001544 338.4607  21.6505 14.21439395697075
1 39216U 13038B   26054.26829948 -.00000337  00000+0  00000+0 0  9993
2 39216   1.6304  84.0490 0002236 227.2640  67.9059  1.00272488 45937
1 39260U 13052A   26054.25814811  .00000132  00000+0  88192-4 0  9995
2 39260  98.4867  33.4359 0014617 356.0401   4.0656 14.15723464642447
1 40069U 14037A   26054.25304608  .00000155  00000+0  90035-4 0  9990
2 40069  98.5007  34.0979 0006251  18.5064 341.6340 14.21422338603134
1 40267U 14060A   26054.27055281 -.00000274  00000+0  00000+0 0  9999
2 40267   0.0098 157.4597 0001095 129.2759 104.4723  1.00272231 41617
1 40367U 14090A   26054.04842514 -.00000301  00000+0  00000+0 0  9992
2 40367   5.3479  74.2072 0002160 150.9500  44.7302  1.00278323 40854
1 40732U 15034A   26054.24455270  .00000065  00000+0  00000+0 0  9994
2 40732   2.9148  71.7397 0001150 261.7484 277.2543  1.00273419  6075
1 41105U 15074A   26054.23978601 -.00000116  00000+0  00000+0 0  9998
2 41105   6.4053  71.9305 0003430 232.0216 281.0128  1.00271063 37363
1 41752U 16054A   26054.15788691 -.00000074  00000+0  00000+0 0  9997
2 41752   0.0966  91.4162 0013634 188.1399   4.2971  1.00271029 34676
1 41836U 16064A   26054.27055281 -.00000273  00000+0  00000+0 0  9997
2 41836   0.0135 144.5265 0001206 206.4678  40.3033  1.00269431 34064
1 41866U 16071A   26054.19628293 -.00000089  00000+0  00000+0 0  9993
2 41866   0.1483  91.6110 0002787 206.9573 180.4754  1.00271423 33967
1 41882U 16077A   26054.26699947 -.00000356  00000+0  00000+0 0  9996
2 41882   2.0301  81.5587 0006418 132.5281 158.8718  1.00266398 33780
1 41884U 16078A   26054.03215798  .00024748  00000+0  40702-3 0  9999
2 41884  34.9581 293.6324 0005768 150.5962 209.5086 15.51365741510981
1 41885U 16078B   26053.98396389  .00029256  00000+0  43191-3 0  9993
2 41885  34.9325 266.5271 0005220 186.7772 173.2882 15.54321673511173
1 41886U 16078C   26053.96888646  .00035417  00000+0  48496-3 0  9993
2 41886  34.9410 263.8206 0006179 185.8688 174.1964 15.56324051511319
1 41887U 16078D   26054.06340825  .00026242  00000+0  42508-3 0  9992
2 41887  34.9410 295.2946 0005435 139.5945 220.5182 15.51781520510934
1 41888U 16078E   26054.05738763  .00027835  00000+0  42753-3 0  9995
2 41888  34.9439 277.3971 0007064 169.7720 190.3147 15.53232029511170
1 41890U 16078G   26053.96614324  .00028212  00000+0  42306-3 0  9997
2 41890  34.9452 266.5412 0005844 192.6105 167.4472 15.53896597511187
1 41891U 16078H   26054.00099070  .00027912  00000+0  42059-3 0  9990
2 41891  34.9405 268.2860 0004935 174.6755 185.4021 15.53771134511160
1 43010U 17072A   26054.25902215  .00000217  00000+0  12435-3 0  9995
2 43010  99.0009  26.6987 0002167  39.8659 320.2675 14.19710350428821
1 43013U 17073A   26054.23793965  .00000103  00000+0  69581-4 0  9996
2 43013  98.7675 354.7703 0000508 153.9884 206.1318 14.19532000428308
1 43226U 18022A   26054.19044767 -.00000180  00000+0  00000+0 0  9993
2 43226   0.6427  87.7730 0002505 211.7786 192.6058  1.00271033 29283
1 43491U 18050A   26054.11567877 -.00000125  00000+0  00000+0 0  9991
2 43491   2.7344  80.4853 0002058 169.9234  23.2634  1.00273126 28293
1 43689U 18087A   26054.18059120  .00000103  00000+0  66957-4 0  9997
2 43689  98.6798 115.7974 0002046 120.5328 239.6051 14.21491719378638
1 43823U 18100A   26054.26803947 -.00000342  00000+0  00000+0 0  9994
2 43823   0.0165  39.4168 0000965 355.6670 342.8077  1.00272070 26487
1 44387U 19038A   26054.23374865  .00000007  00000+0  23064-4 0  9997
2 44387  98.9069  39.8883 0001600  29.0186 331.1081 14.24326775345078
1 47719U 21016A   26053.84774794 -.00000141  00000+0  00000+0 0  9999
2 47719  63.1993  73.9988 7239159 269.4113  15.2414  2.00621828 36495
1 49008U 21062A   26054.25621689 -.00000001  00000+0  20129-4 0  9997
2 49008  98.7510  58.9321 0002641  67.8552 292.2905 14.19891831240412
1 51850U 22021A   26054.21551922  .00000099  00000+0  00000+0 0  9996
2 51850   0.0151  78.8250 0000423 287.3669  87.4841  1.00270621  5453
1 54234U 22150A   26054.27280618  .00000085  00000+0  60960-4 0  9996
2 54234  98.7537 354.7054 0002213 132.9146 227.2216 14.19547889170388
1 54743U 22170C   26054.24255935 -.00000005  00000+0  00000+0 0  9991
2 54743   0.7326  27.6918 0002031 273.5679 298.8428  1.00272721 11837
1 55973U 23039A   26054.29631969  .00020342  00000+0  45363-3 0  9992
2 55973  97.5165 224.1361 0003720 142.7455 217.4052 15.43603471163244
1 55974U 23039B   26054.25873681  .00021065  00000+0  46339-3 0  9995
2 55974  97.5095 223.2617 0004441 140.2305 219.9269 15.43998471163243
1 55975U 23039C   26054.27235411  .00020123  00000+0  44969-3 0  9992
2 55975  97.5143 223.7680 0003332 161.4324 198.7046 15.43544950163221
1 55976U 23039D   26054.25882564  .00020594  00000+0  45267-3 0  9992
2 55976  97.5153 224.2813 0003731 157.1576 202.9839 15.44030287163245
1 56232U 23055A   26054.03786572  .00036062  00000+0  55905-3 0  9991
2 56232  49.9926 214.6416 0010544 308.4165  51.5855 15.53553443162268
1 57166U 23091A   26054.27320058 -.00000015  00000+0  12362-4 0  9998
2 57166  98.6246 111.5043 0004824 132.4064 227.7524 14.24035983138308
1 57399U 23101A   26054.31944564  .00008434  00000+0  29993-3 0  9996
2 57399  97.2755 107.5852 0004549 163.1041 197.0352 15.29220465144244
1 57400U 23101B   26054.22394486  .00008595  00000+0  30562-3 0  9993
2 57400  97.2744 107.2721 0006110 165.1427 194.9994 15.29209930144223
1 57401U 23101C   26054.27100620  .00009070  00000+0  32083-3 0  9993
2 57401  97.2701 106.8019 0005472 165.6204 194.5193 15.29369840144235
1 57402U 23101D   26054.30551868  .00009104  00000+0  32199-3 0  9998
2 57402  97.2781 107.7624 0007075 169.9130 190.2254 15.29364794144236
1 57490U 23111A   26054.31284988  .00000058  00000+0  47820-4 0  9990
2 57490  98.6959 126.3948 0001449  87.7288 272.4054 14.19915726132706
1 58584U 23198A   26054.10731457  .00000190  00000+0  00000+0 0  9996
2 58584  63.2206 166.9971 6875514 267.8148  18.8510  2.00613706 16030
1 58645U 23205A   26054.31227271  .00007206  00000+0  28549-3 0  9997
2 58645  97.3565  77.6980 0010512  54.6847 305.5373 15.25660683120152
1 58646U 23205B   26054.21278697  .00007911  00000+0  31406-3 0  9994
2 58646  97.3553  77.3830 0008434  42.2458 317.9429 15.25577619120124
1 58647U 23205C   26054.30974218  .00007561  00000+0  29989-3 0  9991
2 58647  97.3580  77.7108 0008135  25.2798 334.8836 15.25628280120135
1 58648U 23205D   26054.29409661  .00007580  00000+0  30076-3 0  9995
2 58648  97.3514  76.9773 0009065  28.0048 332.1676 15.25605243120131
1 58660U 23208A   26054.27289091  .00012248  00000+0  43067-3 0  9994
2 58660  97.4375 170.2494 0004982  14.1302 346.0076 15.29491324119909
1 58661U 23208B   26054.26840315  .00011882  00000+0  40276-3 0  9998
2 58661  97.4315 170.7642 0007344  19.0586 341.0929 15.30681455119985
1 58662U 23208C   26054.28555916  .00013425  00000+0  42789-3 0  9997
2 58662  97.4368 173.0019 0007054  13.4153 346.7275 15.32637556120101
1 58663U 23208D   26054.28703884  .00010602  00000+0  37738-3 0  9999
2 58663  97.4371 170.2839 0004269  41.6155 318.5409 15.29131694119916
1 58700U 24004A   26054.29182366  .00007547  00000+0  29970-3 0  9996
2 58700  97.4664 240.5519 0007792  38.5746 321.6047 15.25594754118406
1 58701U 24004B   26054.27561559  .00008165  00000+0  32377-3 0  9992
2 58701  97.4606 239.8693 0006299  43.0326 317.1404 15.25626538118406
1 58702U 24004C   26054.25829081  .00008596  00000+0  34037-3 0  9991
2 58702  97.4639 240.2988 0005514  45.6128 314.5561 15.25663963118399
1 58703U 24004D   26054.30858209  .00007881  00000+0  31274-3 0  9998
2 58703  97.4657 240.5581 0004915  46.0551 314.1092 15.25619240118407
1 58990U 24033A   26054.11628545 -.00000154  00000+0  00000+0 0  9991
2 58990   0.0773 266.2957 0002109  77.1997 293.4569  1.00273536 45924
1 59051U 24039A   26054.29922293  .00000047  00000+0  40714-4 0  9993
2 59051  98.6877  15.1121 0007783 132.9460 227.2372 14.22414661103075
1 60133U 24119A   26054.22773927 -.00000246  00000+0  00000+0 0  9997
2 60133   0.0307 301.4012 0000877  62.3450 156.1497  1.00271761  5821
1 65815U 25219A   26054.23875477  .00000099  00000+0  66931-4 0  9990
2 65815  98.6666 357.2867 0001545  72.0492 288.0853 14.19928362 21210
